-63.0
-2111901.0
-2115438.0
-2145890.0
-3499987.0
-3306746.0
-3448448.0
-3478448.0
-3513272.0
-3532007.0
-3556198.0
-3536635.0
-2067286.0
-2112685.0
-2178411.0
-2155882.0
-2253404.0
-2192502.0
-2201274.0
-2153688.0
-2136591.0
-2081876.0
-2394214.0
-2150471.0
-2099454.0
-2148383.0
-2032429.0
-2122298.0
-2083273.0
-2049643.0
-2085891.0
-2185404.0
-2055648.0
-2094545.0
-2262006.0
-2380386.0
-2183880.0
-2037010.0
-2014202.0
-2293324.0
-2170678.0
-2147698.0
-2232477.0
-2088535.0
-2136668.0
-2173239.0
-2161013.0
-2030332.0
-2274233.0
-2176982.0
