7.6066666666666665
391.29925925925926
392.7792592592593
398.45185185185187
649.8809259259259
614.6324074074074
640.3125925925926
645.8681481481482
652.3392592592593
655.8161111111111
660.294074074074
655.2827777777778
383.77537037037035
391.44537037037037
403.8388888888889
400.292962962963
418.4025925925926
407.10592592592593
407.86074074074077
399.8811111111111
396.7187037037037
385.7385185185185
443.58444444444444
399.2872222222222
389.8433333333333
398.06166666666667
377.38314814814817
394.0737037037037
386.8172222222222
380.5653703703704
387.3131481481482
405.77666666666664
380.87703703703704
388.0864814814815
419.9974074074074
441.87703703703704
405.48703703703706
377.4240740740741
373.83574074074073
425.7248148148148
402.1911111111111
398.1433333333333
413.857962962963
387.59092592592594
395.8888888888889
403.09314814814815
400.8183333333333
376.81425925925925
422.2801851851852
404.2096296296296
