0
0
0
0
0
0
0
0
0.0
0.0
0.0
0.0
0.0
0.0
0.0
0.0
-4.0
4.0
0.0
0.0
-9.0
-10.0
-19.0
-30.0
-38.0
-50.0
-51.0
-62.0
-78.0
-90.0
-104.0
-110.0
-133.0
-140.0
-142.0
-151.0
731.0
-107.0
-100.0
-100.0
-100.0
-127.0
-93.0
-171.0
-184.0
-221.0
-246.0
-251.0
-263.0
-278.0
-335.0
-380.0
-406.0
-473.0
-511.0
-531.0
-546.0
2466.0
-398.0
-444.0
-480.0
-656.0
-778.0
-845.0
-680.0
-730.0
-777.0
1176.0
3836.0
2457.0
-303.0
-372.0
1186.0
-338.0
-308.0
-311.0
-354.0
-383.0
-486.0
783.0
-513.0
-50.0
-496.0
-450.0
-496.0
-541.0
-575.0
-604.0
-813.0
-665.0
678.0
-767.0
-654.0
-689.0
-745.0
-800.0
-841.0
-895.0
4742.0
-773.0
1097.0
-1076.0
-893.0
-918.0
-964.0
-1294.0
687.0
-1238.0
4538.0
-578.0
-1192.0
-945.0
-960.0
-1402.0
743.0
-153.0
4245.0
4841.0
3198.0
-91.0
-282.0
-314.0
-362.0
-605.0
386.0
-568.0
-464.0
-480.0
-514.0
2014.0
-459.0
-473.0
-566.0
-824.0
-895.0
-740.0
1174.0
-871.0
-961.0
-737.0
-755.0
-1130.0
-865.0
519.0
3513.0
-506.0
-1037.0
-856.0
-920.0
-954.0
-988.0
271.0
-1212.0
-981.0
3720.0
4313.0
-239.0
-997.0
-747.0
-776.0
-829.0
1272.0
-1023.0
-816.0
-846.0
3249.0
1004.0
2595.0
-433.0
-537.0
-529.0
432.0
2420.0
-352.0
-404.0
-576.0
-702.0
-759.0
-583.0
-607.0
-646.0
-660.0
1174.0
-751.0
3304.0
-320.0
-649.0
-512.0
777.0
3010.0
1170.0
-142.0
-112.0
-149.0
370.0
-148.0
-124.0
-132.0
-141.0
-159.0
-179.0
-199.0
-231.0
-261.0
-270.0
-274.0
-280.0
-294.0
-318.0
-341.0
-364.0
-370.0
-536.0
-419.0
-420.0
-420.0
-615.0
-663.0
-722.0
-520.0
2297.0
4563.0
-262.0
-271.0
-291.0
-316.0
1930.0
-283.0
-255.0
-281.0
-295.0
-314.0
1453.0
-24.0
-264.0
-294.0
-330.0
-257.0
-265.0
-378.0
-280.0
-294.0
-411.0
1980.0
1525.0
-81.0
-62.0
-70.0
-70.0
-82.0
-100.0
-121.0
-131.0
-158.0
-160.0
-21.0
-251.0
402.0
-168.0
-139.0
-140.0
-154.0
-179.0
1800.0
-74.0
-61.0
-70.0
-105.0
-112.0
-91.0
-171.0
-148.0
-162.0
-169.0
-210.0
-150.0
-152.0
-221.0
-226.0
-170.0
-174.0
-252.0
-183.0
-270.0
-211.0
-295.0
-327.0
2547.0
1588.0
-40.0
-30.0
-30.0
-30.0
-42.0
-30.0
-42.0
-42.0
-37.0
-40.0
-40.0
-41.0
-50.0
-56.0
-60.0
-65.0
-70.0
-70.0
-70.0
-70.0
-76.0
-80.0
-80.0
-80.0
463.0
-46.0
-56.0
-40.0
-56.0
999.0
-27.0
-20.0
-20.0
-20.0
-20.0
-30.0
-33.0
-40.0
-44.0
35.0
-70.0
-50.0
-50.0
-73.0
-60.0
-60.0
-60.0
-60.0
-60.0
-60.0
-60.0
-60.0
-60.0
-60.0
-60.0
-60.0
-60.0
-60.0
-60.0
-60.0
-60.0
-60.0
-84.0
-60.0
-84.0
-96.0
-78.0
-80.0
-80.0
-80.0
-80.0
-80.0
-112.0
-82.0
-90.0
-90.0
-90.0
-90.0
-90.0
-90.0
-90.0
-90.0
-90.0
-90.0
-90.0
-90.0
-90.0
-90.0
-90.0
-90.0
-90.0
-90.0
-126.0
-90.0
-90.0
-90.0
-90.0
-90.0
-126.0
-110.0
-110.0
-110.0
-110.0
-110.0
-110.0
-110.0
-110.0
-110.0
-110.0
-110.0
-110.0
-110.0
-110.0
-110.0
-110.0
-110.0
-110.0
-110.0
-110.0
-110.0
-110.0
-110.0
-110.0
-110.0
-110.0
-110.0
-110.0
-110.0
-110.0
-110.0
-110.0
-110.0
-110.0
-110.0
-110.0
-110.0
-110.0
-110.0
-110.0
-110.0
-110.0
-110.0
-110.0
-110.0
-110.0
-110.0
-110.0
-110.0
-110.0
-110.0
-110.0
-110.0
-110.0
-110.0
-110.0
-110.0
-110.0
-110.0
-110.0
-110.0
-110.0
-110.0
-110.0
-110.0
-110.0
-110.0
-110.0
-110.0
-110.0
-110.0
-110.0
-110.0
-110.0
-110.0
-110.0
-110.0
-110.0
-110.0
-110.0
-110.0
-110.0
-110.0
-110.0
-110.0
-110.0
-110.0
-110.0
-110.0
-110.0
-110.0
-110.0
-110.0
-110.0
-110.0
