412.75666666666666
298.2125925925926
463.6962962962963
283.23314814814813
256.8746296296296
199.3740740740741
64.83
102.46240740740741
150.4998148148148
206.01944444444445
41.50962962962963
17.03611111111111
23.25888888888889
28.272037037037038
51.833888888888886
57.10425925925926
48.309444444444445
42.80222222222222
44.01222222222222
31.897222222222222
46.68296296296296
4.839814814814815
172.88518518518518
181.80555555555554
19.10685185185185
40.60018518518518
59.022222222222226
203.20444444444445
220.95796296296297
56.14407407407408
41.62111111111111
5.612222222222222
12.849074074074075
8.9
207.52092592592592
31.730555555555554
52.19759259259259
42.235925925925926
17.89462962962963
21.505370370370372
25.16425925925926
21.60462962962963
34.92777777777778
32.699444444444445
62.1887037037037
57.4237037037037
42.434814814814814
55.05796296296296
65.91648148148148
58.888703703703705
