0
0
0
0
0
0
0
0.0
0.0
0.0
0.0
0.0
0.0
0.0
0.0
-6.0
-20.0
-20.0
-20.0
-20.0
-28.0
-35.0
-43.0
-55.0
-82.0
-98.0
-78.0
-127.0
-125.0
-133.0
-140.0
-148.0
-158.0
-149.0
1091.0
-85.0
-154.0
-110.0
-121.0
-130.0
-135.0
-141.0
-162.0
-95.0
-241.0
477.0
-85.0
-90.0
-159.0
-139.0
-146.0
-184.0
-199.0
-72.0
-269.0
-255.0
471.0
-144.0
-120.0
-118.0
-132.0
-240.0
-229.0
-19.0
-175.0
-158.0
-170.0
-157.0
-234.0
-218.0
-187.0
-282.0
-325.0
-353.0
-299.0
-327.0
-349.0
-364.0
-436.0
985.0
-337.0
-390.0
-405.0
-496.0
402.0
-221.0
-262.0
-440.0
-337.0
-421.0
-337.0
-500.0
-542.0
-422.0
1082.0
-448.0
-413.0
-14.0
-412.0
-389.0
-448.0
-449.0
112.0
-459.0
-395.0
-579.0
-450.0
-477.0
-592.0
-519.0
730.0
-547.0
-478.0
48.0
-486.0
-571.0
-666.0
-524.0
-542.0
-566.0
468.0
-541.0
-466.0
-619.0
-496.0
158.0
-582.0
-538.0
-677.0
-706.0
-768.0
-591.0
-789.0
683.0
-626.0
-650.0
-740.0
-765.0
-832.0
-631.0
-897.0
-707.0
850.0
-770.0
-740.0
276.0
-626.0
-557.0
-500.0
-700.0
-562.0
-21.0
-640.0
-615.0
-535.0
-772.0
-600.0
-805.0
222.0
-672.0
-783.0
-815.0
-634.0
-830.0
239.0
-718.0
-794.0
-615.0
-825.0
278.0
-664.0
-708.0
-526.0
-560.0
-582.0
-726.0
-596.0
-851.0
-873.0
721.0
-662.0
-500.0
-516.0
-523.0
-550.0
-567.0
-793.0
-642.0
-664.0
-766.0
-653.0
-674.0
-968.0
-962.0
1023.0
-787.0
-618.0
-633.0
-659.0
-791.0
-959.0
-977.0
-716.0
-1030.0
-779.0
-780.0
-985.0
1315.0
-830.0
-816.0
-881.0
-666.0
-670.0
-905.0
-964.0
-693.0
-717.0
1020.0
-840.0
-735.0
-832.0
-612.0
-623.0
-636.0
-664.0
-926.0
-677.0
312.0
-767.0
-550.0
-550.0
-550.0
-572.0
-580.0
-580.0
-585.0
-607.0
-623.0
-631.0
-649.0
-585.0
-858.0
-640.0
-660.0
-669.0
-860.0
-928.0
-685.0
379.0
-809.0
-591.0
-600.0
-600.0
-600.0
-607.0
-610.0
-610.0
-610.0
-610.0
-562.0
-844.0
-618.0
-620.0
-622.0
-630.0
-630.0
-630.0
-637.0
-640.0
-640.0
-640.0
-810.0
-894.0
-660.0
-660.0
-660.0
-674.0
-680.0
-680.0
-682.0
-806.0
-928.0
-928.0
-944.0
-680.0
-680.0
-688.0
-697.0
-705.0
-723.0
-730.0
2406.0
-845.0
-620.0
-620.0
-627.0
-641.0
-650.0
-659.0
-660.0
-660.0
-388.0
-872.0
-630.0
-630.0
-856.0
-896.0
-640.0
-640.0
-640.0
-640.0
-640.0
-640.0
-640.0
-640.0
-640.0
-640.0
-640.0
-640.0
-640.0
-640.0
-640.0
-640.0
-640.0
-640.0
-640.0
-640.0
-647.0
-650.0
-650.0
-650.0
-650.0
-659.0
-666.0
-670.0
-677.0
-680.0
-681.0
-690.0
-715.0
-951.0
-680.0
-680.0
-680.0
-680.0
-682.0
-690.0
-690.0
-690.0
-690.0
-690.0
-690.0
-690.0
-690.0
-690.0
-694.0
-700.0
-700.0
-700.0
-700.0
-700.0
-912.0
-977.0
-700.0
-700.0
-700.0
-700.0
-915.0
-966.0
-690.0
-690.0
-690.0
-690.0
-690.0
-690.0
-690.0
-690.0
-690.0
-690.0
-690.0
-690.0
-690.0
-690.0
-690.0
-690.0
-690.0
-690.0
-690.0
-690.0
-690.0
-690.0
-690.0
-690.0
-690.0
-690.0
-690.0
-690.0
-690.0
-690.0
-690.0
-690.0
-690.0
-690.0
-690.0
-690.0
-690.0
-690.0
-690.0
-690.0
-690.0
-690.0
-690.0
-690.0
-690.0
-690.0
-690.0
-690.0
-690.0
-690.0
-690.0
-690.0
-690.0
-690.0
-690.0
-690.0
-690.0
-690.0
-690.0
-690.0
-690.0
-690.0
-690.0
-690.0
-690.0
-690.0
-690.0
-690.0
-690.0
-690.0
-690.0
-690.0
-690.0
-690.0
-690.0
-690.0
-690.0
-690.0
-690.0
-690.0
-690.0
-690.0
-690.0
-690.0
-690.0
-690.0
-690.0
-690.0
-690.0
-690.0
-690.0
-690.0
-690.0
-690.0
-690.0
-690.0
-690.0
-690.0
-690.0
-690.0
-690.0
-690.0
-690.0
-690.0
-690.0
-690.0
-690.0
-690.0
-690.0
