412.75666666666666
501.74074074074076
236.91240740740741
219.57981481481482
194.24925925925925
212.87444444444444
197.14444444444445
180.51833333333335
145.48481481481483
268.64685185185186
217.49703703703705
214.5311111111111
244.44574074074075
246.48074074074074
47.18222222222222
56.52444444444444
47.43555555555555
44.89018518518518
46.24388888888889
29.740555555555556
46.73518518518519
41.11055555555556
38.82055555555556
51.002037037037034
30.921481481481482
51.671851851851855
47.989074074074075
57.13351851851852
35.33148148148148
41.81962962962963
19.153148148148148
37.5612962962963
25.737407407407407
12.540740740740741
16.667962962962964
5.750740740740741
168.41648148148147
21.381296296296295
26.81925925925926
21.079074074074075
34.721296296296295
87.1987037037037
41.67018518518518
79.07777777777778
4.66
33.49666666666667
8.194444444444445
39.34574074074074
37.430925925925926
28.352592592592593
