10.357222222222223
10.21537037037037
6.259074074074074
7.240555555555556
5.598518518518518
5.69962962962963
5.399629629629629
5.169444444444444
5.556851851851852
4.670740740740741
5.136666666666667
4.955555555555556
5.181481481481481
5.0290740740740745
6.226296296296296
5.504814814814814
5.2807407407407405
5.113888888888889
5.412407407407407
4.943148148148148
5.337037037037037
7.010925925925926
4.782777777777778
4.7790740740740745
4.732037037037037
4.160185185185185
4.867037037037037
4.269629629629629
4.546111111111111
4.456296296296296
4.54462962962963
4.5468518518518515
4.377962962962963
4.393518518518518
4.520370370370371
4.989259259259259
6.285925925925926
4.727962962962963
4.227037037037037
4.7881481481481485
4.6248148148148145
4.451296296296296
4.277037037037037
4.315185185185185
3.4694444444444446
3.867962962962963
4.210555555555556
4.303148148148148
3.83
3.6705555555555556
