7.314629629629629
6.047777777777778
5.098703703703704
4.859259259259259
5.874259259259259
7.005740740740741
7.38
4.743148148148149
4.723333333333334
8.218148148148147
6.777037037037037
5.082222222222223
5.456666666666667
6.022962962962963
7.147037037037037
5.037962962962963
4.44537037037037
4.247222222222222
5.106296296296296
4.847962962962963
6.398518518518519
6.102222222222222
8.677592592592593
8.00388888888889
5.148333333333333
4.424814814814815
4.933518518518518
5.582407407407407
5.872777777777777
5.71
6.318518518518519
6.051666666666667
5.225740740740741
5.818148148148148
5.937962962962963
6.0525925925925925
7.4
6.8966666666666665
4.373888888888889
6.150185185185185
4.371296296296296
4.428148148148148
5.8966666666666665
6.3042592592592595
4.353518518518518
5.2353703703703705
4.810185185185185
8.002592592592592
7.124074074074074
5.479444444444445
