0.0
-506558.0
-2131924.0
-2084308.0
-2106417.0
-2149708.0
-2151613.0
-2114443.0
-2028830.0
-2080930.0
-2034823.0
-2113127.0
-2107926.0
-2108205.0
-2174937.0
-2155882.0
-2253404.0
-2192502.0
-2196578.0
-2153688.0
-2136591.0
-2077428.0
-2389646.0
-3289720.0
-3516090.0
-3496766.0
-3523413.0
-2145041.0
-2148719.0
-2177940.0
-2089310.0
-2086017.0
-2143589.0
-2064134.0
-2262006.0
-2380386.0
-2183880.0
-2037010.0
-2049600.0
-2293324.0
-2170678.0
-2148836.0
-2215562.0
-2091877.0
-2134404.0
-2170935.0
-2158742.0
-2054683.0
-1971443.0
-2023347.0
