8.336666666666666
159.32888888888888
395.8414814814815
387.01814814814816
391.11611111111114
399.13851851851854
399.51722222222224
392.60055555555556
376.71666666666664
386.3833333333333
377.8283333333333
392.37166666666667
391.4048148148148
391.44537037037037
403.8388888888889
400.292962962963
418.4025925925926
407.10592592592593
407.86074074074077
399.8811111111111
396.7187037037037
385.7385185185185
443.58444444444444
611.1283333333333
651.4777777777778
647.8944444444444
653.5307407407407
397.4387037037037
398.9775925925926
404.39814814814815
387.95185185185187
386.5046296296296
398.02944444444444
383.28962962962964
419.9974074074074
441.87703703703704
405.48703703703706
377.4240740740741
380.56111111111113
425.7248148148148
402.1911111111111
398.1433333333333
410.9512962962963
387.59092592592594
395.8888888888889
403.0898148148148
400.81703703703704
380.7024074074074
365.4716666666667
375.30055555555555
