-2355.484559142829
-2798.161929047282
-2848.1764675373543
-2491.195832704696
-2732.6868949378627
-2756.065858583425
-2879.914724658711
-3090.178960873148
-3056.507870484455
-2765.979523812367
-2294.85639246292
-3042.0086407367526
-3358.0057433295165
-2811.0131231315363
-3172.4619220437744
-2672.207198996638
-3350.7014762468107
-2951.7461117225293
-3179.403631041074
-3012.321270462914
-3298.506553926108
-3937.5025764517936
-3623.15046595647
-3887.8022221420183
-3784.2105093170685
-3093.1289098226257
-3112.1039419373446
-3813.2849098970355
-3805.768498101886
-3731.9244474175453
-4670.827429532386
-3372.2629475609624
-3871.888854794517
-3316.6900016109885
-3560.92777764755
-3970.499494893707
-5137.644771918226
-3636.0229325862138
-3645.996614755839
-3395.356581802516
-3128.9335240419814
-4097.866054511542
-4743.179101383469
-4094.489203447828
-3550.5679666811666
-4539.831955710563
-3670.405721715276
-4900.759173254382
-4839.786138023178
-4409.3035157105405
