4.685925925925926
4.500925925925926
4.378888888888889
4.727962962962963
4.666851851851852
5.202592592592593
4.509444444444444
5.231481481481482
5.112037037037037
4.892037037037037
4.3277777777777775
5.528148148148148
5.307592592592592
4.6194444444444445
5.622962962962963
5.05462962962963
5.200185185185185
4.632592592592593
5.225185185185185
4.75462962962963
5.242962962962963
5.540555555555556
8.313333333333333
5.565185185185185
5.879814814814814
5.058148148148148
5.1342592592592595
5.442777777777778
5.474814814814815
4.725185185185185
6.359629629629629
5.50537037037037
5.9040740740740745
5.4853703703703705
5.224814814814815
8.184444444444445
6.048703703703704
6.2011111111111115
4.764444444444444
7.0868518518518515
5.304444444444444
5.613888888888889
6.808333333333334
5.55
5.470555555555555
6.603148148148148
6.1066666666666665
7.159814814814815
7.75037037037037
5.437592592592592
