252.2037037037037
318.3412962962963
231.12703703703704
93.60555555555555
43.239444444444445
275.15037037037035
43.803333333333335
168.4038888888889
37.05037037037037
25.91722222222222
40.25259259259259
24.436481481481483
36.57740740740741
11.799444444444445
16.161851851851853
35.93685185185185
223.0962962962963
91.74888888888889
52.77518518518519
29.665925925925926
64.79185185185185
38.6162962962963
42.24907407407407
33.42925925925926
15.36462962962963
33.723333333333336
33.82833333333333
25.67222222222222
36.12518518518519
8.950740740740741
31.479074074074074
30.68722222222222
28.29574074074074
8.466851851851851
57.278888888888886
34.45425925925926
38.480555555555554
14.765
26.18425925925926
16.272037037037038
27.26037037037037
13.13037037037037
30.28148148148148
22.818148148148147
38.50648148148148
31.31388888888889
19.653333333333332
69.02777777777777
157.69611111111112
64.24796296296296
